21.57
20.90
20.58
20.37
20.23
20.13
20.07
19.99
19.93
19.87
19.85
19.79
19.75
19.69
19.67
19.58
19.60
19.54
19.48
19.47
19.45
19.40
19.35
19.36
19.28
19.28
19.25
19.21
19.17
19.15
19.08
19.07
19.01
18.99
18.95
18.93
18.88
18.88
18.79
18.77
18.76
18.73
18.68
18.67
18.67
18.70
18.64
18.64
18.59
18.62
18.58
18.56
18.52
18.49
18.48
18.51
18.47
18.44
18.48
18.45
18.48
18.45
18.51
18.53
18.49
18.49
18.46
18.46
18.42
18.44
18.52
18.51
18.54
18.56
18.56
18.51
18.47
18.44
18.44
18.53
18.51
18.53
18.51
18.51
18.52
18.55
18.56
18.58
18.54
18.57
18.59
18.59
18.61
18.63
18.63
18.67
18.73
18.70
18.70
18.78
18.82
18.75
18.79
18.74
18.73
18.83
18.80
18.79
18.72
18.75
18.81
18.78
18.77
18.81
18.83
18.87
18.85
18.80
18.84
18.79
18.70
18.80
18.74
18.78
18.86
18.87
18.82
18.90
18.90
18.92
18.95
18.96
18.87
18.99
18.98
18.96
18.96
18.95
18.96
19.07
19.02
19.01
18.97
19.00
19.07
19.11
19.08
19.09
19.08
19.17
19.23
19.22
19.13
19.13
19.20
19.12
19.16
19.14
19.16
19.17
19.21
19.18
19.19
19.19
19.19
19.21
19.17
19.24
19.30
19.20
19.19
19.28
19.24
19.26
19.30
19.28
19.29
19.32
19.26
19.22
19.26
19.31
19.28
19.32
19.26
19.14
19.16
19.25
19.35
19.34
19.29
19.25
19.21
19.25
19.26
19.28
19.25
19.28
19.29
19.33
19.33
19.40
19.40
19.41
19.38
19.39
19.35
19.39
19.44
19.53
19.43
19.50
19.57
19.69
19.69
